123456
111111
000000
121212
654321
222222
112233
789456
555555
147258
159357
123123
123321
456456
789789
369369
258258
147147
321321
987654
333333
123789
111222
999999
654123
321123
121314
456123
789123
234234
345345
456789
654789
987123
321654
789654
654987
987321
369258
258147
741852
963852
123654
321987
456987
789456
654321
987654
123789
789123
456321
321456
654123
987456
456789
321123
123123
456456
789789
258369
369258
147369
963852
852741
741963
159753
357159
753159
951753
123234
234345
345456
456567
567678
678789
789890
890901
909010
101010
202020
303030
404040
505050
606060
707070
808080
909090
112233
445566
667788
778899
889900
990011
101112
121314
131415
141516
151617
161718
171819
181920
192021
212223
222333
333444
444555
555666
666777
777888
888999
999000
000111
111222
222333
333444
444555
555666
666777
777888
888999
999111
111333
333555
555777
777999
999888
888777
777666
666555
555444
444333
333222
222111
111000
000999
999888
888777
777666
666555
555444
444333
333222
222111
111000
000123
123000
321000
000321
654321
123654
789456
456789
159753
357159
951753
753159
258147
147258
369147
741369
963147
852963
741852
963258
852147
147369
258963
369852
147258
258147
369258
456123
123456
789321
321789
654987
987654
321654
654321
987123
123789
555555
666666
777777
888888
999999
123987
987321
654123
321456
456123
789012
890123
901234
012345
567890