1234
1111
0000
1212
7777
1004
2000
4444
2222
6969
9999
3333
5555
6666
1122
1313
8888
4321
2001
1010
2580
1230
1112
1984
1986
1987
1988
1990
1991
1992
1993
1994
1995
1996
1997
1998
1999
2002
2003
2004
2005
2006
2007
2008
2009
2010
2011
2012
2013
2014
2015
2016
2017
2018
2019
2020
2021
2022
2023
2024
2580
0852
5683
1379
2468
6789
1357
7531
1212
1122
1324
4321
8765
3141
9990
7070
1414
3434
5656
7878
3434
1515
2323
4545
1010
2020
3030
4040
5050
6060
7070
8080
9090
0101
0202
0303
0404
0505
0606
0707
0808
0909
1231
1232
1233
1235
1236
1237
1238
1239
1240
1110
1100
1133
1144
1155
1166
1177
1188
1199
1000
1221
2112
1224
1331
1441
1551
1661
1771
1881
1991
1444
1555
1666
1777
1888
1999
2002
2111
2223
2324
2425
2526
2627
2728
2829
2920
3031
3132
3233
3334
3435
3536
3637
3738
3839
3930
4041
4142
4243
4344
4445
4546
4647
4748
4849
4940
5051
5152
5253
5354
5455
5556
5657
5758
5859
5950
6061
6162
6263
6364
6465
6566
6667
6768
6869
6960
7071
7172
7273
7374
7475
7576
7677
7778
7879
7970
8081
8182
8283
8384
8485
8586
8687
8788
8889
8980
9091
9192
9293
9394
9495
9596
9697
9798
9899
9998
8899
0011
1122
2233
3344
4455
5566
6677
7788
9900
1100
2211
3322
4433
5544
6655
7766
8877
9988
0099